0.00047661	0.020942 2.3919
0.00027854	0.041884 2.1909
0.00025711	0.062826 2.64
0.00021196	0.083768 1.5061
0.0005055	0.10471	0.68443
0.00017447	0.12565	2.2208
0.0012673	0.14659	1.894
0.0020939	0.16754	-2.1373
0.00097951	0.18848	1.0825
0.00056712	0.20942	1.8624
0.00041252	0.23036	0.63098
0.00069511	0.2513	1.2975
0.00038979	0.27225	2.5132
0.00072242	0.29319	-0.99065
0.0014728	0.31413	2.4546
0.0012863	0.33507	0.59265
0.00024246	0.35601	1.2877
0.00025446	0.37696	1.6181
0.00048058	0.3979	2.2906
0.00076372	0.41884	2.5481
0.0010567	0.43978	0.21159
0.0022276	0.46072	0.54067
0.0010956	0.48167	1.2186
0.00038265	0.50261	1.6049
0.00048579	0.52355	1.2297
0.0012527	0.54449	1.9796
0.0010566	0.56543	2.5959
0.001629	0.58638	1.6917
0.001759	0.60732	0.75559
0.0010394	0.62826	2.5132
0.00092503	0.6492	-2.0504
0.000489	0.67014	2.6272
0.00066725	0.69109	2.8937
0.00099918	0.71203	-2.3107
0.00071435	0.73297	1.0738
8.9789e-05	0.75391	-0.45917
0.00045407	0.77485	-0.26654
0.00038182	0.7958	-0.30975
0.00049416	0.81674	0.95691
0.001065	0.83768	-0.30458
0.00069165	0.85862	2.3291
0.00057866	0.87956	1.2585
0.00038522	0.90051	0.74441
0.0006347	0.92145	1.0235
0.0004174	0.94239	1.3882
0.00026823	0.96333	2.5577
0.00054776	0.98427	1.3491
0.0017416	1.0052	0.31151
9.2405e-05	1.0262	-2.392
0.00093357	1.0471	0.51082
0.00029589	1.068	-0.7579
0.00066538	1.089	-0.10852
0.00044687	1.1099	1.363
0.00041131	1.1309	-0.3295
0.00088421	1.1518	0.16766
0.00057101	1.1728	0.14703
0.00035708	1.1937	2.0549
0.00053089	1.2146	0.34991
0.00060639	1.2356	-0.42832
0.0003933	1.2565	0.59367
0.00059082	1.2775	-1.2046
0.0006521	1.2984	-1.4973
0.00057859	1.3193	1.4056
0.0018047	1.3403	0.56761
0.0010589	1.3612	-0.32384
0.00067212	1.3822	1.5785
0.0010899	1.4031	0.71476
0.00039533	1.4241	0.46575
0.0014044	1.445	-0.4422
0.00082316	1.4659	2.3415
0.0011649	1.4869	1.1257
0.001284	1.5078	-3.1206
0.00021241	1.5288	-2.9422
0.0023702	1.5497	-0.28134
0.0014833	1.5707	0.045654
0.005693	1.5916	1.5714
0.0014689	1.6125	-0.19618
0.0071656	1.6335	0.96504
0.0027225	1.6544	0.68984
0.002849	1.6754	-1.7064
0.0030071	1.6963	-3.1091
0.0027891	1.7172	2.4361
0.0043816	1.7382	1.6315
0.004037	1.7591	2.5115
0.0053739	1.7801	-0.36861
0.0054024	1.801	-2.89
0.0053001	1.822	-0.18332
0.0075333	1.8429	0.50279
0.0020356	1.8638	1.1736
0.0034	1.8848	-1.3429
0.0019698	1.9057	2.3937
0.0039589	1.9267	-1.5611
0.0053467	1.9476	-0.51079
0.0090921	1.9685	-0.85011
0.0012623	1.9895	-2.3006
0.0025289	2.0104	1.9868
0.0027635	2.0314	-1.54
0.0027312	2.0523	-1.7067
0.0049311	2.0733	-2.9882
0.0029192	2.0942	-1.4959
0.0020649	2.1151	-1.7028
0.0013446	2.1361	2.1557
0.0019155	2.157	0.1123
0.0026301	2.178	1.2917
0.0039343	2.1989	-0.27047
0.00042671	2.2199	-0.17113
0.0015531	2.2408	-2.3475
0.0019043	2.2617	0.82254
0.0015801	2.2827	1.9728
0.0017657	2.3036	1.4159
0.0030859	2.3246	1.1727
0.0027081	2.3455	0.23889
0.0027972	2.3664	-1.991
0.0050702	2.3874	2.8106
0.0039204	2.4083	-2.9829
0.0047045	2.4293	-2.4427
0.0025897	2.4502	2.742
0.0012697	2.4712	1.249
0.0008244	2.4921	-2.5856
0.0030944	2.513	-1.1358
0.0025031	2.534	0.0029456
0.00086486	2.5549	-1.8651
0.00086725	2.5759	3.0108
0.00226	2.5968	-0.63344
0.0038949	2.6178	1.9351
0.0041923	2.6387	-2.6131
0.0030471	2.6596	1.6595
0.0045527	2.6806	0.41208
0.004567	2.7015	-2.9011
0.00077777	2.7225	2.0389
0.0029599	2.7434	-1.5661
0.0010226	2.7643	-1.605
0.0026803	2.7853	2.6451
0.00052198	2.8062	-0.59305
0.0018695	2.8272	-1.5474
0.00079045	2.8481	2.4598
0.0021021	2.8691	2.8427
0.0022733	2.89	-1.3902
0.00082904	2.9109	-0.96841
0.00099616	2.9319	2.348
0.00053782	2.9528	2.4309
0.0043627	2.9738	2.3429
0.0029849	2.9947	-2.3494
0.0013414	3.0156	2.6366
0.0023271	3.0366	1.9954
0.0013762	3.0575	1.3637
0.004057	3.0785	-1.553
0.0028325	3.0994	0.75284
0.0026679	3.1204	1.2777
0.0026005	3.1413	-0.74963
0.0012525	3.1622	-2.4272
0.0023417	3.1832	2.0836
0.002526	3.2041	2.6048
0.0019869	3.2251	1.5784
0.0020099	3.246	-3.1398
0.0016597	3.267	1.8279
0.00019528	3.2879	-2.0882
0.0013156	3.3088	0.072935
0.0021887	3.3298	1.7206
0.0024736	3.3507	2.446
0.0013148	3.3717	2.9619
0.0035986	3.3926	0.32505
0.0025291	3.4135	3.08
0.0011484	3.4345	-1.1789
0.0019668	3.4554	-2.6984
0.0039821	3.4764	1.7079
0.0032858	3.4973	-2.3092
0.0043577	3.5183	-0.16992
0.0019899	3.5392	2.0535
0.0028837	3.5601	0.83357
0.00075386	3.5811	1.2965
0.0029615	3.602	0.16525
0.0010247	3.623	-0.90418
0.0016819	3.6439	2.9736
0.00092171	3.6649	0.51356
0.00085297	3.6858	1.2038
0.0024821	3.7067	-0.10804
0.0020549	3.7277	-1.8401
0.002576	3.7486	1.7405
0.00095321	3.7696	-0.26669
0.0019768	3.7905	-0.3041
0.0035602	3.8114	0.51826
0.0013791	3.8324	-0.020592
0.0016951	3.8533	3.0193
0.0027634	3.8743	-1.1559
0.0010995	3.8952	2.5892
0.0024278	3.9162	-0.13711
0.0049095	3.9371	-1.1735
0.002804	3.958	2.1866
0.00054697	3.979	-2.6826
0.0011037	3.9999	0.18343
0.0028691	4.0209	2.5805
0.00064514	4.0418	-2.9116
0.0021535	4.0627	-2.5494
0.0019406	4.0837	1.0719
0.001932	4.1046	-0.60716
0.0010065	4.1256	1.5242
0.0003965	4.1465	-0.75512
0.00094279	4.1675	-0.32731
0.00021095	4.1884	1.7682
0.0011274	4.2093	-1.9185
0.0023247	4.2303	0.10197
0.0011108	4.2512	-0.21614
0.0007966	4.2722	-1.222
0.0033865	4.2931	-0.17732
0.00077704	4.3141	2.192
0.0016231	4.335	-2.6148
0.001887	4.3559	2.9537
0.001771	4.3769	-1.5043
0.00091295	4.3978	1.7869
0.00058313	4.4188	-1.9218
0.00055528	4.4397	-2.6175
0.00091467	4.4606	0.64053
0.0011291	4.4816	-2.3734
0.0039733	4.5025	0.49884
0.001224	4.5235	2.5415
0.0019297	4.5444	-2.0881
0.00077762	4.5654	2.6354
0.0015606	4.5863	-2.6707
0.0023779	4.6072	-3.0743
0.0026877	4.6282	3.065
0.0015553	4.6491	-1.249
0.0015277	4.6701	2.4614
0.0012568	4.691	0.21259
0.0010714	4.712	-2.144
0.0016951	4.7329	-1.9532
0.0016935	4.7538	1.9575
0.0016221	4.7748	-1.3124
0.0010902	4.7957	2.5797
0.001382	4.8167	2.2201
0.00092164	4.8376	-0.853
0.0023099	4.8585	2.3921
0.0015535	4.8795	-0.12842
0.001182	4.9004	-2.6438
0.00217	4.9214	2.1599
0.0020357	4.9423	0.31121
0.0035804	4.9633	1.8689
0.001709	4.9842	2.4624
0.0013636	5.0051	-0.77234
0.00077391	5.0261	-2.851
0.0013037	5.047	-2.733
0.00072042	5.068	-2.2447
0.00079173	5.0889	-2.1721
0.001337	5.1098	2.8481
0.00053168	5.1308	1.5287
0.0007566	5.1517	0.66669
0.00032083	5.1727	0.93142
0.0010701	5.1936	1.9886
0.00020333	5.2146	-0.23465
0.00070298	5.2355	1.1521
0.00018965	5.2564	2.1428
0.00076486	5.2774	-2.9094
0.0010042	5.2983	0.55162
0.00072559	5.3193	2.2794
9.6652e-05	5.3402	2.7891
0.00020865	5.3612	0.11661
0.00089635	5.3821	0.8051
0.00079558	5.403	1.0532
0.00031179	5.424	1.8188
0.00040423	5.4449	-0.0905
0.00074396	5.4659	0.92306
0.0004562	5.4868	-1.8146
0.00087262	5.5077	0.54854
0.00073492	5.5287	-0.33843
7.4436e-05	5.5496	-1.1509
0.00058554	5.5706	-0.14924
0.00023791	5.5915	-0.18402
0.00049138	5.6125	0.47544
0.00071856	5.6334	0.075911
0.00081207	5.6543	-0.23601
0.00050743	5.6753	0.15707
0.00024891	5.6962	-2.0949
0.00053025	5.7172	-0.61689
0.00035489	5.7381	0.026505
8.4555e-05	5.7591	-0.38213
0.00033823	5.78	-0.77093
0.00030049	5.8009	-0.37163
0.00030681	5.8219	-0.61315
0.00011586	5.8428	-1.9026
0.00069475	5.8638	-2.6585
0.00028073	5.8847	0.31141
8.3626e-05	5.9056	-2.9147
0.00050541	5.9266	-1.5279
0.00024726	5.9475	-2.4986
0.00022016	5.9685	-1.3111
0.00042412	5.9894	-0.87808
0.00065117	6.0104	-2.7336
0.00048593	6.0313	-1.1724
0.00015489	6.0522	3.0586
0.00041031	6.0732	2.8511
0.00070952	6.0941	-1.98
0.00036009	6.1151	1.8362
0.00037162	6.136	-2.3229
0.0004048	6.1569	-2.4264
0.0002052	6.1779	2.5991
0.000156	6.1988	-1.1134
0.00022782	6.2198	-2.0821
0.00091485	6.2407	2.7199
6.7291e-05	6.2617	-1.0147
0.00033848	6.2826	1.9134
0.001054	6.3035	-2.159
0.00049869	6.3245	-2.8403
0.00043092	6.3454	2.9821
0.00045085	6.3664	-2.5898
0.00046104	6.3873	1.1546
0.00033434	6.4083	-2.9917
0.00041222	6.4292	2.2617
0.00017954	6.4501	-0.034714
0.00014728	6.4711	-1.1533
0.00084485	6.492	1.888
0.00048077	6.513	-2.243
0.00031194	6.5339	3.1347
0.0002879	6.5548	1.4278
0.001288	6.5758	2.8185
0.00018856	6.5967	2.8211
0.0004053	6.6177	0.37075
0.00064856	6.6386	2.7944
0.00055166	6.6596	0.64454
0.00077082	6.6805	-3.0332
0.00065694	6.7014	2.6443
0.00070725	6.7224	0.55702
0.00015698	6.7433	-2.7846
0.00020438	6.7643	1.1369
0.00058722	6.7852	1.7123
0.00060004	6.8062	-2.8856
0.00044481	6.8271	-0.52946
0.00052485	6.848	0.60383
0.00025063	6.869	2.5575
0.00028252	6.8899	-0.0068346
0.0011026	6.9109	0.24531
0.00023227	6.9318	-2.3479
0.00028572	6.9527	1.7427
0.0005913	6.9737	-0.79755
0.00063044	6.9946	-1.3397
0.00020601	7.0156	-3.0189
0.00085213	7.0365	-0.59598
0.00056494	7.0575	-1.1009
0.00034828	7.0784	2.6228
0.00021421	7.0993	-1.3774
0.00038715	7.1203	2.0273
0.00021294	7.1412	3.0085
0.00029253	7.1622	1.7795
0.0002009	7.1831	0.25865
0.00040779	7.204	-2.5193
0.0001416	7.225	-1.3944
0.00058518	7.2459	-2.9939
8.3869e-05	7.2669	1.1505
0.00045213	7.2878	2.3154
0.00036576	7.3088	-3.0346
0.00014331	7.3297	-2.5247
8.782e-05	7.3506	2.4806
0.00048768	7.3716	-2.9543
0.00011484	7.3925	-2.9467
0.00017077	7.4135	1.0666
0.00026819	7.4344	1.9629
0.00025537	7.4554	2.6094
0.00043774	7.4763	1.3053
0.00043379	7.4972	0.68008
0.00031832	7.5182	2.1894
0.00019837	7.5391	1.1375
0.00014425	7.5601	0.43025
0.00018036	7.581	1.4184
0.00017093	7.6019	1.2333
0.00024057	7.6229	1.2795
0.00017528	7.6438	0.45994
0.00024395	7.6648	-0.35164
0.0001537	7.6857	1.1265
0.00025429	7.7067	-0.42881
0.00029921	7.7276	-0.34711
0.00026738	7.7485	-0.50284
0.00032134	7.7695	-0.51222
0.00014655	7.7904	1.9422
0.00031486	7.8114	-0.49303
0.00025867	7.8323	-0.30703
0.00021763	7.8533	-0.54601
0.0003521	7.8742	-1.695
0.00014356	7.8951	-0.7174
0.00024642	7.9161	-1.2294
0.00035973	7.937	-1.0512
0.00021728	7.958	-1.292
0.00046563	7.9789	-1.6073
0.00011313	7.9998	-1.1539
9.8726e-05	8.0208	-0.94846
0.00015994	8.0417	-2.6546
0.00031051	8.0627	2.2319
0.00025193	8.0836	-1.7367
5.4396e-05	8.1046	-2.0978
0.0001708	8.1255	-2.633
0.0006444	8.1464	-2.3388
0.00033231	8.1674	-1.7796
0.00041749	8.1883	-2.8637
0.0002474	8.2093	-3.0098
0.00025497	8.2302	-2.8742
0.00044893	8.2511	3.071
0.00027226	8.2721	2.9388
0.00017891	8.293	2.9438
0.00031499	8.314	2.2119
0.00027915	8.3349	2.6857
0.00038942	8.3559	2.58
0.00012809	8.3768	2.5916
0.0002528	8.3977	1.373
0.00041456	8.4187	2.3216
0.00010157	8.4396	1.0087
0.00017276	8.4606	1.7883
0.00037928	8.4815	1.4668
0.00019239	8.5025	1.6482
0.00030881	8.5234	2.5809
0.00021189	8.5443	1.3565
0.0002066	8.5653	1.2751
0.00015506	8.5862	0.84364
0.00016938	8.6072	-0.36973
0.0002049	8.6281	1.0825
0.00011587	8.649	0.59138
3.5845e-05	8.67	2.3203
0.00037979	8.6909	0.4823
7.918e-05	8.7119	-1.8461
0.00023605	8.7328	0.50401
0.00011343	8.7538	-0.079599
4.9217e-05	8.7747	1.9553
3.4456e-05	8.7956	0.86518
0.00029517	8.8166	-0.74968
0.00015311	8.8375	-1.3619
0.00013192	8.8585	-1.7552
0.00037863	8.8794	-1.771
6.3631e-05	8.9004	-2.8632
0.0002898	8.9213	-3.0853
0.00036028	8.9422	-2.4795
0.00029944	8.9632	-2.7128
8.5921e-05	8.9841	-1.6796
0.00011222	9.0051	-2.4183
0.00011364	9.026	2.9312
6.8953e-05	9.0469	-2.7363
0.00019352	9.0679	1.6467
0.00024399	9.0888	-2.6416
9.1447e-05	9.1098	-2.84
7.0666e-05	9.1307	2.3101
0.00020895	9.1517	-2.7142
0.00019768	9.1726	2.7211
0.0002292	9.1935	1.637
0.0003012	9.2145	2.6282
0.00019794	9.2354	2.0061
0.00022487	9.2564	2.1409
0.00012443	9.2773	2.1144
0.00021503	9.2982	1.1663
0.00017242	9.3192	0.99466
0.00014262	9.3401	0.56497
0.00013911	9.3611	1.9027
0.0001868	9.382	0.59681
0.00021674	9.403	0.35999
7.0707e-05	9.4239	1.7779
0.00016601	9.4448	0.47596
6.5952e-05	9.4658	0.84959
0.00011704	9.4867	0.71086
0.00024191	9.5077	-0.12327
0.00010017	9.5286	-1.564
0.00012123	9.5496	-1.1817
0.00014056	9.5705	-0.076707
0.00019948	9.5914	-0.066666
0.00012393	9.6124	-0.56202
0.00012833	9.6333	0.66955
0.00016917	9.6543	-0.023287
0.00012069	9.6752	-0.43713
4.6017e-05	9.6961	0.45975
0.00022552	9.7171	-1.2028
0.00019666	9.738	-1.1824
0.00026705	9.759	-1.2022
0.00015884	9.7799	-1.5391
1.5232e-05	9.8009	0.78729
0.00031221	9.8218	-1.7099
0.00011664	9.8427	-2.8674
0.00014395	9.8637	-1.7737
0.00015675	9.8846	-2.441
0.00022296	9.9056	-2.3548
0.0002738	9.9265	-2.4352
0.00017155	9.9475	-2.2423
6.4187e-05	9.9684	3.1392
0.00014055	9.9893	-1.9809
6.0683e-05	10.01	1.6218
0.00011089	10.031	3.1392
9.5001e-05	10.052	-2.9146
0.00016394	10.073	3.1242
0.00016643	10.094	3.0891
0.00011671	10.115	2.4392
0.00027027	10.136	-2.7188
0.00023705	10.157	2.0543
0.00024371	10.178	2.3794
0.00020749	10.199	2.8955
0.00018335	10.22	2.7374
0.0001724	10.241	2.6181
0.00016423	10.262	2.0701
0.0001729	10.283	1.0632
0.0002282	10.303	1.7531
0.00023435	10.324	1.1598
0.00019009	10.345	1.4646
0.00017512	10.366	1.8346
2.737e-05	10.387	1.5173
0.00014382	10.408	0.61327
0.00014868	10.429	-0.44236
7.986e-05	10.45	0.17412
5.1191e-05	10.471	-0.32717
5.9823e-05	10.492	-1.0944
3.4219e-05	10.513	0.95012
0.00014351	10.534	-1.1274
5.173e-05	10.555	0.09293
6.2797e-05	10.576	-1.5084
0.00016125	10.597	1.0416
7.7421e-05	10.618	2.6599
5.5662e-05	10.639	3.0124
6.2529e-05	10.659	-1.8584
9.2384e-05	10.68	2.8751
3.1922e-05	10.701	-2.2661
0.00019561	10.722	-1.3263
4.9883e-05	10.743	2.6779
0.00026637	10.764	-1.4709
0.00013457	10.785	-2.6577
5.0019e-05	10.806	-1.0641
0.00015941	10.827	-1.4246
0.00020445	10.848	-1.9025
0.00018174	10.869	-2.8585
0.00014314	10.89	-2.7981
7.2818e-05	10.911	2.1896
0.00012552	10.932	1.5378
6.917e-05	10.953	2.0944
0.0001255	10.974	-2.282
9.3051e-05	10.995	-2.8613
0.00010918	11.015	2.7891
0.00026196	11.036	3.0916
0.00016127	11.057	2.8921
0.00013115	11.078	2.4357
0.00010355	11.099	1.5052
0.00025283	11.12	1.0776
6.8909e-05	11.141	1.1096
0.00022915	11.162	0.64795
0.00020105	11.183	0.95695
0.00014414	11.204	-0.69518
0.00022074	11.225	-0.07703
9.6381e-05	11.246	0.22944
0.00013871	11.267	0.022346
0.00014675	11.288	-0.10115
0.00020337	11.309	0.38672
0.00023378	11.33	0.13683
0.00010877	11.351	1.3034
6.9718e-05	11.372	2.0943
0.00024924	11.392	-0.12797
0.00022052	11.413	0.8105
3.1586e-05	11.434	-0.42436
7.7389e-05	11.455	-1.4547
0.00015827	11.476	-1.6938
0.00022302	11.497	-0.93223
0.00011301	11.518	-1.3131
0.00026467	11.539	-1.7697
0.00010435	11.56	-0.60804
0.00012995	11.581	2.7297
0.00011197	11.602	-2.3476
5.6315e-05	11.623	-2.6405
8.5934e-05	11.644	-3.024
0.00013405	11.665	-2.916
7.0114e-05	11.686	2.7174
5.5647e-05	11.707	-1.2622
7.5574e-05	11.728	2.4667
2.2916e-05	11.748	-2.2612
0.00011992	11.769	2.7996
2.4432e-05	11.79	-1.163
4.0756e-05	11.811	2.3781
8.1479e-05	11.832	3.0494
0.00021234	11.853	2.57
0.00018958	11.874	-2.6223
0.0001492	11.895	-2.9953
5.8136e-05	11.916	2.6636
0.00011724	11.937	2.9372
8.0786e-05	11.958	2.5171
0.00015818	11.979	2.4233
7.9793e-05	12	1.7458
0.00010048	12.021	1.6934
3.8915e-05	12.042	-0.53913
0.00010762	12.063	0.99149
3.7558e-05	12.084	0.042901
1.9818e-05	12.104	1.6865
0.00012456	12.125	-0.17493
6.996e-05	12.146	0.68775
5.5878e-05	12.167	-1.7213
4.2922e-05	12.188	0.36387
8.3538e-05	12.209	-2.2258
4.542e-05	12.23	-1.2434
4.1825e-05	12.251	-2.1894
0.00010492	12.272	-2.318
1.9749e-05	12.293	-0.69621
4.2658e-05	12.314	2.1749
9.466e-05	12.335	-2.3882
5.6486e-05	12.356	-1.7279
6.2806e-05	12.377	2.3053
2.5e-05	12.398	2.1982
3.3697e-05	12.419	-1.381
8.167e-05	12.44	0.88296
0.00013964	12.46	0.4454
0.00012569	12.481	-0.61806
0.00013995	12.502	-0.64981
7.8423e-05	12.523	-1.314
0.00010735	12.544	-2.3651
8.2661e-05	12.565	-0.54628
0.0001187	12.586	-1.1924
9.9589e-05	12.607	-1.5678
2.9103e-05	12.628	-1.8356
0.00014588	12.649	-1.5965
9.9465e-05	12.67	-2.8165
8.8362e-05	12.691	2.6356
0.00014302	12.712	2.8912
8.9557e-05	12.733	2.6526
0.00015306	12.754	2.6502
0.00011865	12.775	1.6279
5.8025e-05	12.796	2.1597
0.00010713	12.817	1.5933
0.00013979	12.837	1.0792
3.1803e-05	12.858	1.5257
0.00014585	12.879	0.98999
7.9875e-05	12.9	1.589
4.6408e-05	12.921	1.8635
9.5948e-05	12.942	-0.45909
7.0868e-05	12.963	2.2853
2.2325e-05	12.984	0.64376
2.1637e-05	13.005	2.2535
2.446e-06	13.026	-2.8633
8.2202e-05	13.047	0.91116
9.7748e-05	13.068	-3.0064
3.3072e-05	13.089	2.2739
2.1241e-05	13.11	-0.78555
4.7029e-05	13.131	1.3079
4.3376e-05	13.152	-0.82633
0.0001048	13.173	-0.35366
3.4186e-05	13.193	0.21806
5.6834e-05	13.214	-0.4372
4.1695e-05	13.235	-2.2087
3.6505e-05	13.256	-0.55474
4.7198e-05	13.277	-1.2581
7.2963e-05	13.298	-0.77116
8.8217e-05	13.319	-1.5557
0.00010194	13.34	-1.6894
7.326e-05	13.361	-1.2504
0.00014217	13.382	-2.105
7.8155e-05	13.403	-2.397
8.8408e-05	13.424	2.8837
0.00010144	13.445	-2.7079
7.1153e-05	13.466	-1.0087
6.4775e-05	13.487	0.19948
7.3121e-05	13.508	3.0553
1.7145e-05	13.529	3.0098
3.9111e-05	13.549	-2.8989
5.4316e-05	13.57	-1.6558
3.5701e-05	13.591	-1.1899
1.0792e-05	13.612	2.3813
5.9307e-05	13.633	1.0935
6.1287e-05	13.654	2.9896
3.0846e-05	13.675	-2.9175
4.2802e-05	13.696	-2.9795
8.1874e-05	13.717	0.8364
7.2018e-05	13.738	1.7973
5.1169e-05	13.759	1.3978
6.3341e-05	13.78	1.6292
6.617e-05	13.801	-2.8401
6.3524e-05	13.822	0.57558
0.00010909	13.843	0.85838
2.3654e-05	13.864	-2.1772
7.3511e-05	13.885	-2.3478
4.168e-05	13.905	2.5363
8.6171e-05	13.926	-1.9168
7.1556e-05	13.947	-3.1197
5.3735e-05	13.968	0.88223
5.3233e-05	13.989	2.4542
6.8506e-05	14.01	2.2059
3.1518e-05	14.031	-1.0032
6.6205e-05	14.052	0.99904
7.3113e-05	14.073	2.2362
7.9801e-05	14.094	-2.5924
1.8303e-05	14.115	-1.0509
6.1788e-05	14.136	1.6459
4.1996e-05	14.157	0.86091
5.2223e-05	14.178	-0.9075
3.9156e-05	14.199	-0.060034
8.829e-05	14.22	-1.1834
2.3404e-05	14.241	-1.1185
3.8312e-05	14.262	-2.4132
1.6853e-05	14.282	-1.3278
5.0695e-05	14.303	-1.3357
8.4999e-05	14.324	0.57814
5.2507e-05	14.345	-0.52143
6.3575e-05	14.366	-1.9516
2.3684e-05	14.387	-1.0563
0.00014592	14.408	-2.1976
4.1022e-05	14.429	2.524
4.6589e-05	14.45	2.9204
3.8831e-05	14.471	-3.0679
8.8703e-05	14.492	2.2094
9.1521e-05	14.513	1.1212
7.7976e-05	14.534	0.36946
4.0061e-05	14.555	0.23726
2.2943e-05	14.576	0.80385
4.4456e-05	14.597	-1.1411
3.3227e-05	14.618	-3.1361
7.0467e-05	14.638	2.4918
5.607e-05	14.659	-2.7896
8.4334e-05	14.68	1.4975
4.0744e-05	14.701	0.92042
6.6251e-05	14.722	0.41237
9.7283e-05	14.743	0.58752
4.2256e-05	14.764	-0.65831
6.7877e-05	14.785	0.18667
9.431e-05	14.806	-2.3486
3.9865e-05	14.827	0.58014
2.1203e-05	14.848	1.5142
3.7802e-05	14.869	-2.7057
6.3824e-05	14.89	2.5908
7.7445e-05	14.911	-2.3193
6.0472e-05	14.932	-0.94302
2.2107e-05	14.953	0.83657
5.438e-05	14.974	-1.7148
4.6732e-05	14.994	-0.35229
5.1689e-05	15.015	3.0249
2.9199e-05	15.036	0.4056
4.6985e-05	15.057	-0.073062
1.7879e-05	15.078	-1.5266
1.7908e-05	15.099	-2.1228
3.9719e-05	15.12	2.6052
0.00011725	15.141	2.2976
2.2212e-05	15.162	-1.0435
6.1549e-06	15.183	1.7077
2.7694e-05	15.204	-2.6425
4.7633e-05	15.225	-1.7844
6.0891e-05	15.246	-1.6984
1.2406e-05	15.267	-0.41681
7.9741e-05	15.288	-0.81593
3.4584e-05	15.309	2.943
6.6964e-05	15.33	-3.1328
3.2015e-05	15.35	-1.613
2.1003e-05	15.371	-2.0716
5.5301e-05	15.392	1.9231
6.1151e-05	15.413	2.7476
0.00011588	15.434	-2.8189
0.0001031	15.455	1.7746
5.5324e-05	15.476	1.5643
5.8719e-05	15.497	2.1343
7.8264e-05	15.518	1.5844
0.00010091	15.539	0.74633
6.4184e-05	15.56	0.28033
0.00010377	15.581	-0.1656
7.6828e-05	15.602	-0.38522
3.5129e-05	15.623	0.050393
9.7015e-05	15.644	-1.6951
5.5887e-05	15.665	-0.49723
3.7472e-05	15.686	-1.1417
6.5624e-05	15.707	-0.96365
9.8781e-05	15.727	-1.4503
8.5324e-05	15.748	-1.9742
3.0512e-05	15.769	-0.4489
8.5398e-05	15.79	-2.8493
1.6381e-05	15.811	1.5619
8.4559e-05	15.832	2.257
7.4425e-05	15.853	-2.5919
3.1157e-05	15.874	1.6622
6.2663e-05	15.895	2.628
7.027e-05	15.916	2.5745
5.7293e-05	15.937	1.3428
5.6638e-05	15.958	2.0363
3.6572e-05	15.979	1.0654
6.7519e-05	16	-2.9201
5.2966e-06	16.021	-1.3131
5.6876e-05	16.042	-1.8883
5.1275e-05	16.063	-1.4321
3.2851e-05	16.083	-0.96547
3.8099e-05	16.104	2.1099
3.5256e-05	16.125	-2.6727
1.6257e-05	16.146	-1.2643
1.8653e-05	16.167	3.0336
5.091e-05	16.188	1.0082
5.24e-05	16.209	1.3832
4.4159e-05	16.23	-1.6328
3.9481e-05	16.251	-0.053083
1.8409e-05	16.272	-2.0071
4.5621e-05	16.293	3.1041
2.5338e-05	16.314	3.1184
7.6233e-05	16.335	2.3846
6.6629e-05	16.356	2.5484
3.4873e-05	16.377	0.39003
2.2391e-05	16.398	1.1559
3.6105e-05	16.419	1.8269
6.1208e-05	16.439	-0.21702
3.8833e-05	16.46	-2.7253
3.5391e-05	16.481	0.24253
3.137e-05	16.502	0.8628
2.2755e-06	16.523	-0.091019
6.7526e-05	16.544	0.51217
7.3273e-05	16.565	-1.854
5.2685e-05	16.586	-1.1047
2.4308e-05	16.607	0.19195
6.5132e-05	16.628	-1.3133
5.828e-05	16.649	-2.1042
4.8234e-05	16.67	-0.14828
3.4705e-05	16.691	-1.2329
4.4876e-05	16.712	-2.1024
3.5565e-05	16.733	1.7068
4.8893e-06	16.754	2.6221
3.2651e-06	16.775	0.058341
7.4753e-05	16.795	2.8089
2.1546e-05	16.816	-0.85912
3.5792e-05	16.837	1.9341
3.9623e-05	16.858	0.51123
2.4808e-05	16.879	-2.7028
2.041e-05	16.9	0.83259
2.441e-05	16.921	-2.6784
1.718e-05	16.942	1.4998
5.9658e-05	16.963	-2.8012
6.8697e-05	16.984	-3.0494
3.4231e-05	17.005	2.8143
2.5772e-05	17.026	2.2966
5.1356e-05	17.047	-2.7559
3.2664e-05	17.068	2.3614
1.3995e-05	17.089	0.88221
8.011e-06	17.11	1.6651
4.4297e-05	17.131	1.989
6.2684e-05	17.152	1.2864
4.8121e-05	17.172	1.8766
3.3946e-05	17.193	0.33477
3.9391e-05	17.214	0.507
7.3224e-05	17.235	-0.081029
1.0056e-05	17.256	-1.8177
4.4837e-05	17.277	-0.23617
2.994e-05	17.298	1.4298
3.9076e-05	17.319	-1.0083
1.9242e-05	17.34	2.3892
5.5633e-05	17.361	-0.521
1.3553e-05	17.382	0.0017655
2.6884e-05	17.403	-2.5558
3.8905e-05	17.424	-2.7308
3.074e-05	17.445	-2.8653
1.5341e-05	17.466	1.3726
4.077e-05	17.487	-2.8233
1.5852e-05	17.508	-2.9119
4.0817e-05	17.528	0.1635
7.4303e-06	17.549	-0.91082
1.4272e-05	17.57	2.7993
3.4653e-05	17.591	-1.3253
5.1359e-05	17.612	-1.708
2.0515e-05	17.633	-1.6691
6.0342e-05	17.654	-1.6192
1.8693e-05	17.675	2.794
4.7447e-05	17.696	-2.4342
3.8675e-05	17.717	-2.9721
1.962e-05	17.738	-0.82901
6.6182e-05	17.759	-2.3262
5.3e-05	17.78	2.7879
3.1857e-05	17.801	-2.5892
1.0793e-05	17.822	-2.2355
3.2559e-05	17.843	1.594
5.1071e-05	17.864	2.736
2.3827e-05	17.884	1.1966
5.0388e-05	17.905	1.1782
8.6711e-06	17.926	-0.23106
5.0468e-05	17.947	1.0788
2.8233e-05	17.968	-0.012724
2.4185e-05	17.989	0.019945
2.6894e-05	18.01	0.24632
3.7599e-05	18.031	-1.7045
1.5949e-05	18.052	-1.4962
2.3686e-05	18.073	1.9298
9.6505e-06	18.094	2.6596
5.7375e-06	18.115	1.143
3.1194e-05	18.136	-0.34368
6.5336e-05	18.157	3.0381
2.3176e-05	18.178	-0.62895
8.2007e-06	18.199	0.47231
5.5487e-05	18.22	1.9863
4.9703e-05	18.24	1.4101
4.1437e-05	18.261	-0.75093
3.3446e-05	18.282	-0.12939
1.6388e-05	18.303	-0.72482
1.5066e-05	18.324	0.7909
2.5512e-05	18.345	-0.40694
2.1086e-05	18.366	-2.0022
2.3561e-05	18.387	-0.20575
1.6731e-05	18.408	-0.1742
1.2758e-05	18.429	-1.2211
1.5506e-05	18.45	1.8833
2.1163e-05	18.471	-1.2544
2.1332e-05	18.492	-0.85446
7.0216e-05	18.513	-1.424
2.4822e-05	18.534	-1.6164
5.3307e-05	18.555	-1.9884
5.1169e-05	18.576	-2.3567
3.2277e-05	18.596	-3.126
3.704e-05	18.617	1.9659
7.0351e-05	18.638	2.5239
2.7735e-05	18.659	1.7957
6.725e-05	18.68	3.0198
2.2874e-05	18.701	1.0838
1.9735e-05	18.722	-1.2369
4.4331e-05	18.743	2.9492
4.4998e-05	18.764	-0.097681
3.6964e-05	18.785	-2.4782
6.7819e-05	18.806	2.7434
1.7704e-05	18.827	1.0223
1.4471e-05	18.848	-1.7474
4.094e-05	18.869	1.5995
1.0669e-05	18.89	0.42403
5.5028e-05	18.911	0.57996
1.0855e-05	18.932	2.3765
3.7858e-05	18.953	1.617
1.958e-05	18.973	-2.1652
3.8299e-05	18.994	1.6758
2.7033e-05	19.015	1.0696
1.3524e-05	19.036	1.4454
1.0992e-05	19.057	1.9164
3.3246e-05	19.078	1.2361
3.523e-05	19.099	0.90938
3.9612e-05	19.12	-0.2163
2.7904e-05	19.141	1.1468
2.6045e-05	19.162	-0.3191
3.3368e-05	19.183	0.21115
4.3151e-05	19.204	-0.58938
2.111e-05	19.225	0.44529
6.5824e-05	19.246	-1.1257
5.1327e-05	19.267	-1.9615
4.1666e-05	19.288	-2.0439
5.7271e-05	19.309	-2.9477
4.2497e-05	19.329	2.8446
3.0373e-05	19.35	1.7589
4.8246e-05	19.371	2.6004
3.7958e-05	19.392	-0.37889
1.2383e-05	19.413	3.1051
1.7124e-05	19.434	-1.0935
1.3429e-05	19.455	1.8428
2.7817e-05	19.476	0.40247
2.2998e-05	19.497	-0.25324
2.11e-05	19.518	-2.9094
3.0417e-05	19.539	-1.2765
3.5421e-05	19.56	-1.282
5.0023e-05	19.581	2.7617
3.1022e-05	19.602	1.7337
8.094e-06	19.623	-0.54003
4.9945e-05	19.644	2.5478
3.2464e-05	19.665	2.3849
3.5166e-05	19.685	3.0962
1.1495e-05	19.706	3.0347
4.8127e-06	19.727	-1.7368
7.0866e-05	19.748	2.2836
3.5239e-05	19.769	2.192
9.1998e-06	19.79	0.70646
2.3853e-05	19.811	0.61924
2.6548e-05	19.832	0.095866
2.6593e-05	19.853	1.5445
6.3344e-05	19.874	0.80241
1.8283e-05	19.895	0.68073
1.8602e-05	19.916	0.3945
4.0929e-05	19.937	-0.98897
2.3147e-05	19.958	-1.2254
2.5534e-05	19.979	-2.1512
4.728e-05	20	-0.56075
