A 10 3
A 310 3
A 311 4
A 343 0
A 350 1
A 351 2
A 352 0
A 365 1.86

B 84 2
B 85 2
B 86 1024
B 87 0.39 1.01
B 88 3.3
B 90 1
B 92 31
B 93 4.5 12.0 
B 96 400.0 800.0
B 98 2
B 99 1
B 130 2
B 131 0.0
B 132 -90.0 90.0
B 133 16
B 134 10.0
B 136 4

F 60 600.0

I 30 1

N 41 12800.0
N 48 0
N 49 0.08

M 10 8

P 10 1
P 35 12700.0 12800.0 0.5

P 51 800.0 1000.0 
P 51 777.2464 983.4685 
P 51 808.6911 973.2515 
P 51 828.1250 1000.0000 
P 51 808.6911 1026.7485 
P 51 777.2464 1016.5315 

P 180 1
P 185 0.0 300.0 0.5
P 185 12500.0 12800.0 0.5

W 22 -9.81
