0	0.01	0
0.1	0.01	0.012
0.2	0.01	0.016
0.3	0.01	0.022
0.4	0.01	0.027
0.5	0.01	0.033
0.6	0.01	0.034
0.7	0.01	0.039
0.8	0.01	0.044
0.9	0.01	0.049
1	0.01	0.053
1.1	0.01	0.058
1.2	0.01	0.063
1.3	0.01	0.067
1.4	0.01	0.073
1.5	0.01	0.077
1.6	0.01	0.081
1.7	0.01	0.086
1.8	0.01	0.089
1.9	0.01	0.095
2	0.01	0.1
2.1	0.01	0.105
2.2	0.01	0.11
2.3	0.01	0.115
2.4	0.01	0.119
2.5	0.01	0.125
2.6	0.01	0.129
2.7	0.01	0.134
2.8	0.01	0.138
2.9	0.01	0.144
3	0.01	0.15
3.1	0.01	0.154
3.2	0.01	0.157
3.3	0.01	0.161
3.4	0.01	0.164
3.5	0.01	0.169
3.6	0.01	0.184
3.7	0.01	0.179
3.8	0.01	0.184
3.9	0.01	0.186
4	0.01	0.189
4.1	0.01	0.194
4.2	0.01	0.2
4.3	0.01	0.206
4.4	0.01	0.212
4.5	0.01	0.217
4.6	0.01	0.22
4.7	0.01	0.226
4.8	0.01	0.231
4.9	0.01	0.235
5	0.01	0.239
5.1	0.01	0.244
5.2	0.01	0.249
5.3	0.01	0.253
5.4	0.01	0.257
5.5	0.01	0.262
5.6	0.01	0.267
5.7	0.01	0.271
5.8	0.01	0.277
5.9	0.01	0.282
6	0.01	0.286
6.1	0.01	0.289
6.2	0.01	0.293
6.3	0.01	0.297
6.4	0.01	0.3
6.5	0.01	0.303
6.6	0.01	0.305
6.7	0.01	0.306
6.8	0.01	0.308
6.9	0.01	0.31
7	0.01	0.312
7.1	0.01	0.315
7.2	0.01	0.317
7.3	0.01	0.32
7.4	0.01	0.323
7.5	0.01	0.325
7.6	0.01	0.328
7.7	0.01	0.33
7.8	0.01	0.332
7.9	0.01	0.333
8	0.01	0.335
8.1	0.01	0.336
8.2	0.01	0.337
8.3	0.01	0.339
8.4	0.01	0.338
8.5	0.01	0.339
8.6	0.01	0.34
8.7	0.01	0.342
8.8	0.01	0.342
8.9	0.01	0.342
9	0.01	0.341
9.1	0.01	0.341
9.2	0.01	0.342
9.3	0.01	0.343
9.4	0.01	0.343
9.5	0.01	0.344
9.6	0.01	0.347
9.7	0.01	0.349
9.8	0.01	0.352
9.9	0.01	0.353
10	0.01	0.353
10.1	0.01	0.354
10.2	0.01	0.355
10.3	0.01	0.357
10.4	0.01	0.359
10.5	0.01	0.36
10.6	0.01	0.363
10.7	0.01	0.365
10.8	0.01	0.366
10.9	0.01	0.367
11	0.01	0.37
11.1	0.01	0.372
11.2	0.01	0.371
11.3	0.01	0.372
11.4	0.01	0.374
11.5	0.01	0.376
11.6	0.01	0.378
11.7	0.01	0.379
11.8	0.01	0.38
11.9	0.01	0.391
12	0.01	0.384
12.1	0.01	0.386
12.2	0.01	0.387
12.3	0.01	0.388
12.4	0.01	0.389
12.5	0.01	0.391
12.6	0.01	0.395
12.7	0.01	0.398
12.8	0.01	0.402
12.9	0.01	0.402
13	0.01	0.403
13.1	0.01	0.404
13.2	0.01	0.406
13.3	0.01	0.41
13.4	0.01	0.412
13.5	0.01	0.412
13.6	0.01	0.412
13.7	0.01	0.413
13.8	0.01	0.415
13.9	0.01	0.416
14	0.01	0.417
14.1	0.01	0.421
14.2	0.01	0.425
14.3	0.01	0.425
14.4	0.01	0.426
14.5	0.01	0.428
14.6	0.01	0.428
14.7	0.01	0.427
14.8	0.01	0.428
14.9	0.01	0.428
15	0.01	0.429
15.1	0.01	0.432
15.2	0.01	0.433
15.3	0.01	0.434
15.4	0.01	0.434
15.5	0.01	0.435
15.6	0.01	0.437
15.7	0.01	0.439
15.8	0.01	0.441
15.9	0.01	0.442
16	0.01	0.443
16.1	0.01	0.444
16.2	0.01	0.445
16.3	0.01	0.447
16.4	0.01	0.449
16.5	0.01	0.45
16.6	0.01	0.451
16.7	0.01	0.453
16.8	0.01	0.455
16.9	0.01	0.456
17	0.01	0.458
17.1	0.01	0.46
17.2	0.01	0.461
17.3	0.01	0.462
17.4	0.01	0.463
17.5	0.01	0.465
17.6	0.01	0.467
17.7	0.01	0.47
17.8	0.01	0.471
17.9	0.01	0.472
18	0.01	0.473
18.1	0.01	0.477
18.2	0.01	0.48
18.3	0.01	0.484
18.4	0.01	0.486
18.5	0.01	0.487
18.6	0.01	0.486
18.7	0.01	0.487
18.8	0.01	0.489
18.9	0.01	0.491
19	0.01	0.495
19.1	0.01	0.498
19.2	0.01	0.501
19.3	0.01	0.504
19.4	0.01	0.508
19.5	0.01	0.515
19.6	0.01	0.518
19.7	0.01	0.521
19.8	0.01	0.526
19.9	0.01	0.531
20	0.01	0.533
20.1	0.01	0.537
20.2	0.01	0.544
20.3	0.01	0.552
20.4	0.01	0.556
20.5	0.01	0.568
20.6	0.01	0.576
20.7	0.01	0.583
20.8	0.01	0.588
20.9	0.01	0.588
21	0.01	0.587
21.1	0.01	0.584
21.2	0.01	0.58
21.3	0.01	0.572
21.4	0.01	0.563
21.5	0.01	0.558
21.6	0.01	0.555
21.7	0.01	0.553
21.8	0.01	0.553
21.9	0.01	0.553
22	0.01	0.555
22.1	0.01	0.556
22.2	0.01	0.558
22.3	0.01	0.557
22.4	0.01	0.557
22.5	0.01	0.556
22.6	0.01	0.556
22.7	0.01	0.554
22.8	0.01	0.554
22.9	0.01	0.556
23	0.01	0.557
23.1	0.01	0.557
23.2	0.01	0.557
23.3	0.01	0.557
23.4	0.01	0.563
23.5	0.01	0.56
23.6	0.01	0.564
23.7	0.01	0.569
23.8	0.01	0.573
23.9	0.01	0.578
24	0.01	0.581
24.1	0.01	0.584
24.2	0.01	0.587
24.3	0.01	0.591
24.4	0.01	0.596
24.5	0.01	0.602
24.6	0.01	0.608
24.7	0.01	0.615
24.8	0.01	0.621
24.9	0.01	0.629
25	0.01	0.635
25.1	0.01	0.64
25.2	0.01	0.643
25.3	0.01	0.644
25.4	0.01	0.645
25.5	0.01	0.645
25.6	0.01	0.645
25.7	0.01	0.646
25.8	0.01	0.646
25.9	0.01	0.648
26	0.01	0.649
26.1	0.01	0.651
26.2	0.01	0.652
26.3	0.01	0.655
26.4	0.01	0.656
26.5	0.01	0.658
26.6	0.01	0.659
26.7	0.01	0.659
26.8	0.01	0.66
26.9	0.01	0.662
27	0.01	0.663
27.1	0.01	0.664
27.2	0.01	0.666
27.3	0.01	0.667
27.4	0.01	0.668
27.5	0.01	0.669
27.6	0.01	0.67
27.7	0.01	0.672
27.8	0.01	0.674
27.9	0.01	0.677
28	0.01	0.679
28.1	0.01	0.683
28.2	0.01	0.686
28.3	0.01	0.689
28.4	0.01	0.693
28.5	0.01	0.697
28.6	0.01	0.701
28.7	0.01	0.705
28.8	0.01	0.708
28.9	0.01	0.712
29	0.01	0.716
29.1	0.01	0.721
29.2	0.01	0.726
29.3	0.01	0.729
29.4	0.01	0.733
29.5	0.01	0.736
29.6	0.01	0.74
29.7	0.01	0.745
29.8	0.01	0.75
29.9	0.01	0.755
30	0.01	0.761
30.1	0.01	0.764
30.2	0.01	0.772
30.3	0.01	0.779
30.4	0.01	0.789
30.5	0.01	0.79
30.6	0.01	0.795
30.7	0.01	0.799
30.8	0.01	0.803
30.9	0.01	0.806
31	0.01	0.811
31.1	0.01	0.816
31.2	0.01	0.819
31.3	0.01	0.823

