B 10 1
B 11 1
B 50 0.0001
B 90 1
B 92 8
B 93 0.128 5.0 
B 96 9.8 0.0
B 99 2 
B 98 2
D 10 4 
D 20 2
D 30 1
F 30 3
F 40 3
F 42 1.0
F 60 0.4
I 12 1

N 40 3
N 41 60.0
N 47 0.1
M 10 128

P 30 0.05
P 40 1 
P 42 0.50 

T 10 2
T 36 2

W 10 0.0
W 22 -9.81

P 51 19.8 0.0025
P 51 20.8 0.0025
P 51 21.8 0.0025
P 51 22.1 0.0025
 
P 52 0.0025

P 61 21.095 0.0025 0.35
P 61 21.095 0.0025 0.25
P 61 21.095 0.0025 0.4



P 61 22.025 0.0025 0.35
P 61 22.025 0.0025 0.26
P 61 22.025 0.0025 0.4
P 61 21.595 0.0025 0.4



P 61 22.145 0.0025 0.35
P 61 22.145 0.0025 0.28
P 61 22.145 0.0025 0.4



