A 10 3
A 310 3
A 311 5

A 341 2.0
A 343 1
A 344 0.1
A 346 2.1

A 350 1
A 351 3
A 352 3
A 361 5
A 362 2
A 365 1.86

B 90 1
B 92 4
B 93 2.0 10.0
B 96 200.0 400.0
B 107 0.0 4000.0 0.0 0.0 200.0
B 107 0.0 4000.0 4000.0 4000.0 200.0
B 107 4000.0 4000.0 0.0 4000.0 200.0
B 107 0.0 0.0 2900.0 3500.0 200.0
B 108 0.0 0.0 200.0 2900.0 200.0
B 98 2
B 99 2

F 60 300.0

G 50 1

I 30 0

N 41 600.0
N 47 1.0

M 10 12

P 10 1
P 30 10.0

P 51 2000.0 2000.0 

P 180 1
P 185 0.0 120.0 0.1
P 185 480.0 600.0 0.1

W 22 -9.81
